$,380019824,51604,0.0,0.00,
$,380029844,51706,0.0,0.00,
$,380039864,51808,0.0,0.00,
$,380049868,51908,0.0,0.00,
$,380059872,52007,0.0,0.00,
$,380069900,52105,0.0,0.00,
$,380079940,52202,0.0,0.00,
$,380089956,52298,0.0,0.00,
$,380099976,52393,0.0,0.00,
$,380109980,52487,0.0,0.00,
$,380119984,52579,0.0,0.00,
$,380130004,52670,0.0,0.00,
$,380140028,52761,0.0,0.00,
$,380150068,52850,0.0,0.00,
$,380160076,52939,0.0,0.00,
$,380170080,53025,0.0,0.00,
$,380180096,53112,0.0,0.00,
$,380190100,53197,0.0,0.00,
$,380200104,53281,0.0,0.00,
$,380210108,53364,0.0,0.00,
$,380220112,53446,0.0,0.00,
$,380230116,53526,0.0,0.00,
$,380240124,53606,0.0,0.00,
$,380250144,53686,0.0,0.00,
$,380260148,53764,0.0,0.00,
$,380270152,53840,0.0,0.00,
$,380280156,53916,0.0,0.00,
$,380290180,53991,0.0,0.00,
$,380300184,54065,0.0,0.00,
$,380310192,54139,0.0,0.00,
$,380320196,54211,0.0,0.00,
$,380330216,54282,0.0,0.00,
$,380340244,54352,0.0,0.00,
$,380350252,54422,0.0,0.00,
$,380360260,54490,0.0,0.00,
$,380370264,54557,0.0,0.00,
$,380380296,54624,0.0,0.00,
$,380390300,54690,0.0,0.00,
$,380400304,54754,0.0,0.00,
$,380410320,54818,0.0,0.00,
$,380420328,54881,0.0,0.00,
$,380430344,54943,0.0,0.00,
$,380440364,55004,0.0,0.00,
$,380450384,55065,0.0,0.00,
$,380460392,55124,0.0,0.00,
$,380470400,55182,0.0,0.00,
$,380480404,55240,0.0,0.00,
$,380490412,55297,0.0,0.00,
$,380500416,55353,0.0,0.00,
$,380510420,55408,0.0,0.00,
$,380520428,55462,0.0,0.00,
$,380530436,55516,0.0,0.00,
$,380540444,55568,0.0,0.00,
$,380550448,55620,0.0,0.00,
$,380560452,55671,0.0,0.00,
$,380570460,55721,0.0,0.00,
$,380580468,55770,0.0,0.00,
$,380590476,55819,0.0,0.00,
$,380600484,55867,0.0,0.00,
$,380610488,55914,0.0,0.00,
$,380620508,55960,0.0,0.00,
$,380630512,56005,0.0,0.00,
$,380640524,56050,0.0,0.00,
$,380650532,56094,0.0,0.00,
$,380660540,56137,0.0,0.00,
$,380670560,56179,0.0,0.00,
$,380680568,56221,0.0,0.00,
$,380690572,56262,0.0,0.00,
$,380700580,56301,0.0,0.00,
$,380710596,56341,0.0,0.00,
$,380720604,56379,0.0,0.00,
$,380730608,56417,0.0,0.00,
$,380740616,56454,0.0,0.00,
$,380750624,56491,0.0,0.00,
$,380760628,56526,0.0,0.00,
$,380770636,56561,0.0,0.00,
$,380780644,56596,0.0,0.00,
$,380790652,56629,0.0,0.00,
$,380800660,56662,0.0,0.00,
$,380810664,56694,0.0,0.00,
$,380820668,56726,0.0,0.00,
$,380830672,56756,0.0,0.00,
$,380840676,56787,0.0,0.00,
$,380850684,56816,0.0,0.00,
$,380860688,56845,0.0,0.00,
$,380870692,56873,0.0,0.00,
$,380880700,56900,0.0,0.00,
$,380890708,56927,0.0,0.00,
$,380900712,56953,0.0,0.00,
$,380910720,56979,0.0,0.00,
$,380920724,57004,0.0,0.00,
$,380930732,57028,0.0,0.00,
$,380940740,57052,0.0,0.00,
$,380950748,57075,0.0,0.00,
$,380960752,57097,0.0,0.00,
$,380970760,57119,0.0,0.00,
$,380980768,57141,0.0,0.00,
$,380990772,57161,0.0,0.00,
$,381000780,57181,0.0,0.00,
$,381010784,57201,0.0,0.00,
$,381020788,57220,0.0,0.00,
$,381030796,57238,0.0,0.00,
$,381040804,57256,0.0,0.00,
$,381050812,57273,0.0,0.00,
$,381060816,57290,0.0,0.00,
$,381070820,57305,0.0,0.00,
$,381080824,57321,0.0,0.00,
$,381090828,57336,0.0,0.00,
$,381100836,57350,0.0,0.00,
$,381110844,57364,0.0,0.00,
$,381120848,57377,0.0,0.00,
$,381130856,57390,0.0,0.00,
$,381140860,57403,0.0,0.00,
$,381150864,57415,0.0,0.00,
$,381160872,57426,0.0,0.00,
$,381170876,57436,0.0,0.00,
$,381180880,57447,0.0,0.00,
$,381190888,57456,0.0,0.00,
$,381200892,57466,0.0,0.00,
$,381210900,57474,0.0,0.00,
$,381220908,57483,0.0,0.00,
$,381230916,57490,0.0,0.00,
$,381240924,57497,0.0,0.00,
$,381250928,57504,0.0,0.00,
$,381260936,57511,0.0,0.00,
$,381270940,57516,0.0,0.00,
$,381280944,57522,0.0,0.00,
$,381290948,57527,0.0,0.00,
$,381300952,57531,0.0,0.00,
$,381310960,57535,0.0,0.00,
$,381320968,57539,0.0,0.00,
$,381330976,57542,0.0,0.00,
$,381340980,57545,0.0,0.00,
$,381350988,57547,0.0,0.00,
$,381360996,57549,0.0,0.00,
$,381371000,57550,0.0,0.00,
$,381381008,57551,0.0,0.00,
$,381391016,57551,0.0,0.00,
$,381401020,57552,0.0,0.00,
$,381411024,57552,0.0,0.00,
$,381421028,57552,0.0,0.00,
$,381431036,57552,0.0,0.00,
$,381441044,57552,0.0,0.00,
$,381451048,57552,0.0,0.00,
$,381461056,57552,0.0,0.00,
$,381471060,57552,0.0,0.00,
$,381481068,57552,0.0,0.00,
$,381491076,57552,0.0,0.00,
$,381501084,57552,0.0,0.00,
$,381511092,57552,0.0,0.00,
$,381521100,57552,0.0,0.00,
$,381531108,57552,0.0,0.00,
$,381541116,57552,0.0,0.00,
$,381551124,57552,0.0,0.00,
$,381561132,57552,0.0,0.00,
$,381571140,57552,0.0,0.00,
$,381581148,57552,0.0,0.00,
$,381591156,57552,0.0,0.00,
$,381601164,57552,0.0,0.00,
$,381611172,57552,0.0,0.00,
$,381621180,57552,0.0,0.00,
$,381631188,57552,0.0,0.00,
$,381641196,57552,0.0,0.00,
$,381651204,57552,0.0,0.00,
$,381661208,57552,0.0,0.00,
$,381671216,57552,0.0,0.00,
$,381681224,57552,0.0,0.00,
$,381691232,57552,0.0,0.00,
$,381701240,57552,0.0,0.00,
$,381711248,57552,0.0,0.00,
$,381721256,57552,0.0,0.00,
$,381731264,57552,0.0,0.00,
$,381741272,57552,0.0,0.00,
$,381751276,57552,0.0,0.00,
$,381761284,57552,0.0,0.00,
$,381771288,57552,0.0,0.00,
$,381781296,57552,0.0,0.00,
$,381791300,57552,0.0,0.00,
$,381801304,57552,0.0,0.00,
$,381811308,57552,0.0,0.00,
$,381821316,57552,0.0,0.00,
$,381831324,57552,0.0,0.00,
$,381841332,57552,0.0,0.00,
$,381851340,57552,0.0,0.00,
$,381861348,57552,0.0,0.00,
$,381871356,57552,0.0,0.00,
$,381881364,57552,0.0,0.00,
$,381891372,57552,0.0,0.00,
$,381901380,57552,0.0,0.00,
$,381911388,57552,0.0,0.00,
$,381921396,57552,0.0,0.00,
$,381931404,57552,0.0,0.00,
$,381941412,57552,0.0,0.00,
$,381951420,57552,0.0,0.00,
$,381961428,57552,0.0,0.00,
$,381971436,57552,0.0,0.00,
$,381981444,57552,0.0,0.00,
$,381991452,57552,0.0,0.00,
$,382001460,57552,0.0,0.00,
$,382011468,57552,0.0,0.00,
$,382021476,57552,0.0,0.00,
$,382031484,57552,0.0,0.00,
$,382041492,57552,0.0,0.00,
$,382051500,57552,0.0,0.00,
$,382061504,57552,0.0,0.00,
$,382071512,57552,0.0,0.00,
$,382081520,57552,0.0,0.00,
$,382091528,57552,0.0,0.00,
$,382101536,57552,0.0,0.00,
$,382111544,57552,0.0,0.00,
$,382121552,57552,0.0,0.00,
$,382131560,57552,0.0,0.00,
$,382141564,57552,0.0,0.00,
$,382151568,57552,0.0,0.00,
$,382161576,57552,0.0,0.00,
$,382171584,57552,0.0,0.00,
$,382181592,57552,0.0,0.00,
$,382191600,57552,0.0,0.00,
$,382201608,57552,0.0,0.00,
$,382211616,57552,0.0,0.00,
$,382221624,57552,0.0,0.00,
$,382231632,57552,0.0,0.00,
$,382241640,57552,0.0,0.00,
$,382251648,57552,0.0,0.00,
$,382261652,57552,0.0,0.00,
$,382271660,57552,0.0,0.00,
$,382281664,57552,0.0,0.00,
$,382291672,57552,0.0,0.00,
$,382301680,57552,0.0,0.00,
$,382311688,57552,0.0,0.00,
$,382321696,57552,0.0,0.00,
$,382331704,57552,0.0,0.00,
$,382341712,57552,0.0,0.00,
$,382351720,57552,0.0,0.00,
$,382361728,57552,0.0,0.00,
$,382371736,57552,0.0,0.00,
$,382381740,57552,0.0,0.00,
$,382391748,57552,0.0,0.00,
$,382401752,57552,0.0,0.00,
$,382411760,57552,0.0,0.00,
$,382421768,57552,0.0,0.00,
$,382431776,57552,0.0,0.00,
$,382441784,57552,0.0,0.00,
$,382451792,57552,0.0,0.00,
$,382461800,57552,0.0,0.00,
$,382471808,57552,0.0,0.00,
$,382481816,57552,0.0,0.00,
$,382491824,57552,0.0,0.00,
$,382501832,57552,0.0,0.00,
$,382511836,57552,0.0,0.00,
$,382521844,57552,0.0,0.00,
$,382531852,57552,0.0,0.00,
$,382541860,57552,0.0,0.00,
$,382551868,57552,0.0,0.00,
$,382561872,57552,0.0,0.00,
$,382571880,57552,0.0,0.00,
$,382581888,57552,0.0,0.00,
$,382591896,57552,0.0,0.00,
$,382601904,57552,0.0,0.00,
$,382611912,57552,0.0,0.00,
$,382621920,57552,0.0,0.00,
$,382631924,57552,0.0,0.00,
$,382641932,57552,0.0,0.00,
$,382651940,57552,0.0,0.00,
$,382661944,57552,0.0,0.00,
$,382671952,57552,0.0,0.00,
$,382681956,57552,0.0,0.00,
$,382691964,57552,0.0,0.00,
$,382701972,57552,0.0,0.00,
$,382711980,57552,0.0,0.00,
$,382721984,57552,0.0,0.00,
$,382731992,57552,0.0,0.00,
$,382742000,57552,0.0,0.00,
$,382752008,57552,0.0,0.00,
$,382762012,57552,0.0,0.00,
$,382772020,57552,0.0,0.00,
$,382782028,57552,0.0,0.00,
$,382792036,57552,0.0,0.00,
$,382802040,57552,0.0,0.00,
$,382812044,57552,0.0,0.00,
$,382822052,57552,0.0,0.00,
$,382832060,57552,0.0,0.00,
$,382842064,57552,0.0,0.00,
$,382852068,57552,0.0,0.00,
$,382862076,57552,0.0,0.00,
$,382872084,57552,0.0,0.00,
$,382882092,57552,0.0,0.00,
$,382892100,57552,0.0,0.00,
$,382902108,57552,0.0,0.00,
$,382912116,57552,0.0,0.00,
$,382922124,57552,0.0,0.00,
$,382932132,57552,0.0,0.00,
$,382942140,57552,0.0,0.00,
$,382952144,57552,0.0,0.00,
$,382962152,57552,0.0,0.00,
$,382972160,57552,0.0,0.00,
$,382982164,57552,0.0,0.00,
$,382992172,57552,0.0,0.00,
$,383002176,57552,0.0,0.00,
$,383012184,57552,0.0,0.00,
$,383022192,57552,0.0,0.00,
$,383032200,57552,0.0,0.00,
$,383042204,57552,0.0,0.00,
$,383052212,57552,0.0,0.00,
$,383062220,57552,0.0,0.00,
$,383072228,57552,0.0,0.00,
$,383082236,57552,0.0,0.00,
$,383092244,57552,0.0,0.00,
$,383102252,57552,0.0,0.00,
$,383112260,57552,0.0,0.00,
$,383122268,57552,0.0,0.00,
$,383132276,57552,0.0,0.00,
$,383142284,57552,0.0,0.00,
$,383152292,57552,0.0,0.00,
$,383162300,57552,0.0,0.00,
$,383172308,57552,0.0,0.00,
$,383182312,57552,0.0,0.00,
$,383192320,57552,0.0,0.00,
$,383202328,57552,0.0,0.00,
$,383212336,57552,0.0,0.00,
$,383222344,57552,0.0,0.00,
$,383232352,57552,0.0,0.00,
$,383242360,57552,0.0,0.00,
$,383252368,57552,0.0,0.00,
$,383262376,57552,0.0,0.00,
$,383272384,57552,0.0,0.00,
$,383282388,57552,0.0,0.00,
$,383292396,57552,0.0,0.00,
$,383302400,57552,0.0,0.00,
$,383312408,57552,0.0,0.00,
$,383322416,57552,0.0,0.00,
$,383332424,57552,0.0,0.00,
$,383342428,57552,0.0,0.00,
$,383352436,57552,0.0,0.00,
$,383362440,57552,0.0,0.00,
$,383372448,57552,0.0,0.00,
$,383382456,57552,0.0,0.00,
$,383392464,57552,0.0,0.00,
$,383402472,57552,0.0,0.00,
$,383412480,57552,0.0,0.00,
$,383422488,57552,0.0,0.00,
$,383432496,57552,0.0,0.00,
$,383442500,57552,0.0,0.00,
$,383452508,57552,0.0,0.00,
$,383462516,57552,0.0,0.00,
$,383472524,57552,0.0,0.00,
$,383482532,57552,0.0,0.00,
$,383492536,57552,0.0,0.00,
$,383502544,57552,0.0,0.00,
$,383512552,57552,0.0,0.00,
$,383522560,57552,0.0,0.00,
$,383532568,57552,0.0,0.00,
$,383542576,57552,0.0,0.00,
$,383552584,57552,0.0,0.00,
$,383562592,57552,0.0,0.00,
$,383572600,57552,0.0,0.00,
$,383582608,57552,0.0,0.00,
$,383592616,57552,0.0,0.00,
$,383602624,57552,0.0,0.00,
$,383612632,57552,0.0,0.00,
$,383622636,57552,0.0,0.00,
$,383632644,57552,0.0,0.00,
$,383642652,57552,0.0,0.00,
$,383652660,57552,0.0,0.00,
$,383662668,57552,0.0,0.00,
$,383672676,57552,0.0,0.00,
$,383682684,57552,0.0,0.00,
$,383692692,57552,0.0,0.00,
$,383702696,57552,0.0,0.00,
$,383712704,57552,0.0,0.00,
$,383722708,57552,0.0,0.00,
$,383732716,57552,0.0,0.00,
$,383742720,57552,0.0,0.00,
$,383752728,57552,0.0,0.00,
$,383762736,57552,0.0,0.00,
$,383772744,57552,0.0,0.00,
$,383782748,57552,0.0,0.00,
$,383792756,57552,0.0,0.00,
$,383802760,57552,0.0,0.00,
$,383812768,57552,0.0,0.00,
$,383822776,57552,0.0,0.00,
$,383832780,57552,0.0,0.00,
$,383842788,57552,0.0,0.00,
$,383852796,57552,0.0,0.00,
$,383862800,57552,0.0,0.00,
$,383872808,57552,0.0,0.00,
$,383882812,57552,0.0,0.00,
$,383892820,57552,0.0,0.00,
$,383902828,57552,0.0,0.00,
$,383912836,57552,0.0,0.00,
$,383922840,57552,0.0,0.00,
$,383932848,57552,0.0,0.00,
$,383942852,57552,0.0,0.00,
$,383952860,57552,0.0,0.00,
$,383962864,57552,0.0,0.00,
$,383972872,57552,0.0,0.00,
$,383982876,57552,0.0,0.00,
$,383992880,57552,0.0,0.00,
$,384002884,57552,0.0,0.00,
$,384012888,57552,0.0,0.00,
$,384022892,57552,0.0,0.00,
$,384032896,57552,0.0,0.00,
$,384042904,57552,0.0,0.00,
$,384052908,57552,0.0,0.00,
$,384062912,57552,0.0,0.00,
$,384072916,57552,0.0,0.00,
$,384082924,57552,0.0,0.00,
$,384092928,57552,0.0,0.00,
$,384102936,57552,0.0,0.00,
$,384112940,57552,0.0,0.00,
$,384122948,57552,0.0,0.00,
$,384132952,57552,0.0,0.00,
$,384142960,57552,0.0,0.00,
$,384152964,57552,0.0,0.00,
$,384162972,57552,0.0,0.00,
$,384172980,57552,0.0,0.00,
$,384182984,57552,0.0,0.00,
$,384192992,57552,0.0,0.00,
$,384202996,57552,0.0,0.00,
$,384213004,57552,0.0,0.00,
$,384223012,57552,0.0,0.00,
$,384233016,57552,0.0,0.00,
$,384243024,57552,0.0,0.00,
$,384253028,57552,0.0,0.00,
$,384263032,57552,0.0,0.00,
$,384273036,57552,0.0,0.00,
$,384283044,57552,0.0,0.00,
$,384293048,57552,0.0,0.00,
$,384303056,57552,0.0,0.00,
$,384313064,57552,0.0,0.00,
$,384323068,57552,0.0,0.00,
$,384333076,57552,0.0,0.00,
$,384343080,57552,0.0,0.00,
$,384353088,57552,0.0,0.00,
$,384363096,57552,0.0,0.00,
$,384373100,57552,0.0,0.00,
$,384383108,57552,0.0,0.00,
$,384393116,57552,0.0,0.00,
$,384403124,57552,0.0,0.00,
$,384413132,57552,0.0,0.00,
$,384423136,57552,0.0,0.00,
$,384433144,57552,0.0,0.00,
$,384443148,57552,0.0,0.00,
$,384453156,57552,0.0,0.00,
$,384463160,57552,0.0,0.00,
$,384473164,57552,0.0,0.00,
$,384483172,57552,0.0,0.00,
$,384493176,57552,0.0,0.00,
$,384503184,57552,0.0,0.00,
$,384513192,57552,0.0,0.00,
$,384523200,57552,0.0,0.00,
$,384533204,57552,0.0,0.00,
$,384543212,57552,0.0,0.00,
$,384553216,57552,0.0,0.00,
$,384563224,57552,0.0,0.00,
$,384573228,57552,0.0,0.00,
$,384583236,57552,0.0,0.00,
$,384593244,57552,0.0,0.00,
$,384603252,57552,0.0,0.00,
$,384613260,57552,0.0,0.00,
$,384623268,57552,0.0,0.00,
$,384633276,57552,0.0,0.00,
$,384643284,57552,0.0,0.00,
$,384653288,57552,0.0,0.00,
$,384663296,57552,0.0,0.00,
$,384673304,57552,0.0,0.00,
$,384683308,57552,0.0,0.00,
$,384693316,57552,0.0,0.00,
$,384703324,57552,0.0,0.00,
$,384713332,57552,0.0,0.00,
$,384723340,57552,0.0,0.00,
$,384733348,57552,0.0,0.00,
$,384743356,57552,0.0,0.00,
$,384753360,57552,0.0,0.00,
$,384763368,57552,0.0,0.00,
$,384773376,57552,0.0,0.00,
$,384783384,57552,0.0,0.00,
$,384793388,57552,0.0,0.00,
$,384803396,57552,0.0,0.00,
$,384813404,57552,0.0,0.00,
$,384823412,57552,0.0,0.00,
$,384833420,57552,0.0,0.00,
$,384843424,57552,0.0,0.00,
$,384853432,57552,0.0,0.00,
$,384863440,57552,0.0,0.00,
$,384873448,57552,0.0,0.00,
$,384883452,57552,0.0,0.00,
$,384893460,57552,0.0,0.00,
$,384903468,57552,0.0,0.00,
$,384913476,57552,0.0,0.00,
$,384923484,57552,0.0,0.00,
$,384933488,57552,0.0,0.00,
$,384943496,57552,0.0,0.00,
$,384953504,57552,0.0,0.00,
$,384963508,57552,0.0,0.00,
$,384973516,57552,0.0,0.00,
$,384983524,57552,0.0,0.00,
$,384993528,57552,0.0,0.00,
$,385003536,57552,0.0,12.00,
$,385013556,57560,24.95,12.00,
$,385023560,57586,81.22,12.00,
$,385033568,57627,128.02,12.00,
$,385043576,57680,165.49,12.00,
$,385053596,57742,193.36,12.00,
$,385063604,57811,215.45,12.00,
$,385073608,57886,234.28,12.00,
$,385083616,57967,252.92,12.00,
$,385093624,58051,262.29,12.00,
$,385103632,58138,271.66,12.00,
$,385113644,58229,284.03,12.00,
$,385123648,58321,287.39,12.00,
$,385133656,58415,293.52,12.00,
$,385143672,58510,296.40,12.00,
$,385153676,58607,303.00,12.00,
$,385163680,58705,306.13,12.00,
$,385173708,58803,305.39,12.00,
$,385183712,58903,312.38,12.00,
$,385193724,59003,312.13,12.00,
$,385203728,59103,312.38,12.00,
$,385213736,59204,315.37,12.00,
$,385223740,59305,315.50,12.00,
$,385233752,59407,318.37,12.00,
$,385243772,59510,321.23,12.00,
$,385253780,59612,318.50,12.00,
$,385263788,59715,321.62,12.00,
$,385273792,59818,321.75,12.00,
$,385283812,59921,321.23,12.00,
$,385293820,60025,324.74,12.00,
$,385303848,60128,320.98,12.00,
$,385313860,60232,324.61,12.00,
$,385323888,60336,324.09,12.00,
$,385333904,60440,324.48,12.00,
$,385343912,60545,327.86,12.00,
$,385353916,60648,321.75,12.00,
$,385363924,60753,327.86,12.00,
$,385373948,60857,324.22,12.00,
$,385383952,60962,327.99,12.00,
$,385393988,61066,323.83,12.00,
$,385403992,61171,327.99,12.00,
$,385414016,61275,324.22,12.00,
$,385424052,61380,326.95,12.00,
$,385434060,61485,327.86,12.00,
$,385444064,61589,324.87,12.00,
$,385454108,61694,326.69,12.00,
$,385464128,61799,327.47,12.00,
$,385474136,61904,327.86,12.00,
$,385484156,62009,327.47,12.00,
$,385494164,62113,324.74,12.00,
$,385504196,62218,327.08,12.00,
$,385514200,62323,327.99,12.00,
$,385524204,62428,327.99,12.00,
$,385534212,62533,327.86,12.00,
$,385544232,62637,324.35,12.00,
$,385554268,62742,326.95,12.00,
$,385564304,62848,330.06,12.00,
$,385574308,62952,324.87,12.00,
$,385584316,63057,327.86,12.00,
$,385594320,63161,324.87,12.00,
$,385604328,63266,327.86,12.00,
$,385614336,63370,324.74,12.00,
$,385624368,63475,327.08,12.00,
$,385634384,63580,327.60,12.00,
$,385644392,63685,327.86,12.00,
$,385654396,63789,324.87,12.00,
$,385664404,63893,324.74,12.00,
$,385674420,63998,327.60,12.00,
$,385684444,64103,327.34,12.00,
$,385694468,64207,324.22,12.00,
$,385704504,64312,326.95,12.00,
$,385714508,64417,327.99,12.00,
$,385724524,64521,324.48,12.00,
$,385734544,64626,327.47,12.00,
$,385744552,64730,324.74,12.00,
$,385754560,64835,327.86,12.00,
$,385764568,64940,327.86,12.00,
$,385774576,65045,327.86,12.00,
$,385784580,65150,327.99,12.00,
$,385794600,65254,324.35,12.00,
$,385804604,65359,327.99,12.00,
$,385814612,65464,327.86,12.00,
$,385824620,65568,324.74,12.00,
$,385834628,65673,327.86,12.00,
$,385844636,65778,327.86,12.00,
$,385854668,65882,323.96,12.00,
$,385864676,65987,327.86,12.00,
$,385874696,66092,327.47,12.00,
$,385884704,66196,324.74,12.00,
$,385894724,66301,327.47,12.00,
$,385904748,66406,327.34,12.00,
$,385914756,66510,324.74,12.00,
$,385924764,66615,327.86,12.00,
$,385934796,66719,323.96,12.00,
$,385944800,66824,327.99,12.00,
$,385954804,66929,327.99,12.00,
$,385964844,67033,323.71,12.00,
$,385974872,67138,327.21,12.00,
$,385984876,67243,327.99,12.00,
$,385994880,67347,324.87,12.00,
$,386004896,67452,327.60,12.00,
$,386014900,67556,324.87,12.00,
$,386024908,67661,327.86,12.00,
$,386034916,67765,324.74,12.00,
$,386044924,67870,327.86,12.00,
$,386054948,67975,327.34,12.00,
$,386064956,68080,327.86,12.00,
$,386074980,68184,324.22,12.00,
$,386085016,68289,326.95,12.00,
$,386095024,68394,327.86,12.00,
$,386105040,68498,324.48,12.00,
$,386115072,68603,327.08,12.00,
$,386125080,68708,327.86,12.00,
$,386135100,68813,327.47,12.00,
$,386145108,68917,324.74,12.00,
$,386155112,69022,327.99,12.00,
$,386165132,69127,327.47,12.00,
$,386175148,69231,324.48,12.00,
$,386185156,69336,327.86,12.00,
$,386195180,69441,327.34,12.00,
$,386205184,69546,327.99,12.00,
$,386215204,69651,327.47,12.00,
$,386225212,69755,324.74,12.00,
$,386235216,69860,327.99,12.00,
$,386245228,69965,327.73,12.00,
$,386255232,70070,327.99,12.00,
$,386265268,70174,323.83,12.00,
$,386275276,70279,327.86,12.00,
$,386285308,70383,323.96,12.00,
$,386295316,70488,327.86,12.00,
$,386305324,70593,327.86,12.00,
$,386315328,70697,324.87,12.00,
$,386325332,70801,324.87,12.00,
$,386335344,70906,327.73,12.00,
$,386345348,71011,327.99,12.00,
$,386355376,71115,324.09,12.00,
$,386365384,71220,327.86,12.00,
$,386375388,71325,327.99,12.00,
$,386385392,71429,324.87,12.00,
$,386395400,71534,327.86,12.00,
$,386405408,71639,327.86,12.00,
$,386415412,71743,324.87,12.00,
$,386425428,71848,327.60,12.00,
$,386435440,71953,327.73,12.00,
$,386445452,72058,327.73,12.00,
$,386455460,72163,327.86,12.00,
$,386465468,72268,327.86,12.00,
$,386475472,72372,324.87,12.00,
$,386485480,72477,327.86,12.00,
$,386495520,72583,329.93,12.00,
$,386505524,72687,324.87,12.00,
$,386515528,72792,327.99,12.00,
$,386525540,72897,327.73,12.00,
$,386535544,73001,324.87,12.00,
$,386545580,73106,326.95,12.00,
$,386555604,73211,327.34,12.00,
$,386565624,73316,327.47,12.00,
$,386575640,73421,327.60,12.00,
$,386585648,73525,324.74,12.00,
$,386595652,73630,327.99,12.00,
$,386605660,73735,327.86,12.00,
$,386615684,73839,324.22,12.00,
$,386625688,73944,327.99,12.00,
$,386635696,74049,327.86,12.00,
$,386645716,74153,324.35,12.00,
$,386655732,74258,327.60,12.00,
$,386665748,74362,324.48,12.00,
$,386675752,74467,327.99,12.00,
$,386685756,74572,327.99,12.00,
$,386695760,74676,324.87,12.00,
$,386705768,74780,324.74,12.00,
$,386715776,74885,327.86,12.00,
$,386725800,74989,324.22,12.00,
$,386735804,75094,327.99,12.00,
$,386745812,75199,327.86,12.00,
$,386755832,75303,324.35,12.00,
$,386765868,75408,326.95,12.00,
$,386775900,75513,327.08,12.00,
$,386785904,75618,327.99,12.00,
$,386795908,75723,327.99,12.00,
$,386805912,75827,324.87,12.00,
$,386815920,75931,324.74,12.00,
$,386825952,76036,327.08,12.00,
$,386835972,76141,327.47,12.00,
$,386845980,76246,327.86,12.00,
$,386855984,76350,324.87,12.00,
$,386866016,76455,327.08,12.00,
$,386876024,76560,327.86,12.00,
$,386886028,76665,327.99,12.00,
$,386896064,76769,323.83,12.00,
$,386906080,76874,327.60,12.00,
$,386916116,76979,326.95,12.00,
$,386926124,77084,327.86,12.00,
$,386936132,77189,327.86,12.00,
$,386946140,77294,327.86,12.00,
$,386956156,77398,324.48,12.00,
$,386966160,77503,327.99,12.00,
$,386976164,77608,327.99,12.00,
$,386986168,77713,327.99,12.00,
$,386996176,77817,324.74,12.00,
$,387006180,77922,327.99,12.00,
$,387016188,78027,327.86,12.00,
$,387026192,78131,324.87,12.00,
$,387036200,78236,327.86,12.00,
$,387046208,78341,327.86,12.00,
$,387056216,78445,324.74,12.00,
$,387066228,78550,327.73,12.00,
$,387076236,78655,327.86,12.00,
$,387086244,78760,327.86,12.00,
$,387096264,78865,327.47,12.00,
$,387106272,78969,324.74,12.00,
$,387116276,79074,327.99,12.00,
$,387126288,79179,327.73,12.00,
$,387136296,79283,324.74,12.00,
$,387146316,79388,327.47,12.00,
$,387156320,79493,327.99,12.00,
$,387166356,79598,326.95,12.00,
$,387176372,79703,327.60,12.00,
$,387186384,79809,330.85,12.00,
$,387196408,79913,324.22,12.00,
$,387206444,80018,326.95,12.00,
$,387216468,80123,327.34,12.00,
$,387226472,80228,327.99,12.00,
$,387236476,80333,327.99,12.00,
$,387246508,80437,323.96,12.00,
$,387256512,80542,327.99,12.00,
$,387266520,80646,324.74,12.00,
$,387276524,80751,327.99,12.00,
$,387286532,80855,324.74,12.00,
$,387296544,80960,327.73,12.00,
$,387306552,81064,324.74,12.00,
$,387316572,81169,327.47,12.00,
$,387326580,81274,327.86,12.00,
$,387336592,81378,324.61,12.00,
$,387346608,81483,327.60,12.00,
$,387356616,81588,327.86,12.00,
$,387366652,81692,323.83,12.00,
$,387376676,81797,327.34,12.00,
$,387386680,81902,327.99,12.00,
$,387396704,82006,324.22,12.00,
$,387406712,82111,327.86,12.00,
$,387416720,82215,324.74,12.00,
$,387426728,82320,327.86,12.00,
$,387436748,82424,324.35,12.00,
$,387446756,82529,327.86,12.00,
$,387456760,82633,324.87,12.00,
$,387466768,82737,324.74,12.00,
$,387476772,82842,327.99,12.00,
$,387486788,82946,324.48,12.00,
$,387496796,83051,327.86,12.00,
$,387506800,83155,324.87,12.00,
$,387516824,83259,324.22,12.00,
$,387526840,83363,324.48,12.00,
$,387536844,83468,327.99,12.00,
$,387546848,83572,324.87,12.00,
$,387556864,83676,324.48,12.00,
$,387566884,83781,327.47,12.00,
$,387576920,83885,323.83,12.00,
$,387586940,83990,327.47,12.00,
$,387596948,84094,324.74,12.00,
$,387606968,84199,327.47,12.00,
$,387616992,84303,324.22,12.00,
$,387627020,84408,327.21,12.00,
$,387637024,84512,324.87,12.00,
$,387647032,84616,324.74,12.00,
$,387657036,84720,324.87,12.00,
$,387667040,84825,327.99,12.00,
$,387677080,84929,323.71,12.00,
$,387687084,85033,324.87,12.00,
$,387697088,85138,327.99,12.00,
$,387707092,85242,324.87,12.00,
$,387717104,85346,324.61,12.00,
$,387727116,85451,327.73,12.00,
$,387737132,85555,324.48,12.00,
$,387747152,85660,327.47,12.00,
$,387757164,85764,324.61,12.00,
$,387767172,85869,327.86,12.00,
$,387777192,85973,324.35,12.00,
$,387787196,86078,327.99,12.00,
$,387797212,86182,324.48,12.00,
$,387807220,86287,327.86,12.00,
$,387817228,86391,324.74,12.00,
$,387827232,86495,324.87,12.00,
$,387837236,86600,327.99,12.00,
$,387847264,86704,324.09,12.00,
$,387857272,86809,327.86,12.00,
$,387867276,86914,327.99,12.00,
$,387877288,87018,324.61,12.00,
$,387887296,87123,327.86,12.00,
$,387897312,87227,324.48,12.00,
$,387907328,87331,324.48,12.00,
$,387917332,87436,327.99,12.00,
$,387927352,87540,324.35,12.00,
$,387937360,87645,327.86,12.00,
$,387947380,87749,324.35,12.00,
$,387957404,87854,327.34,12.00,
$,387967412,87958,324.74,12.00,
$,387977432,88063,327.47,12.00,
$,387987436,88167,324.87,12.00,
$,387997440,88272,327.99,12.00,
$,388007444,88376,324.87,12.00,
$,388017464,88481,327.47,12.00,
$,388027476,88585,324.61,12.00,
$,388037484,88690,327.86,12.00,
$,388047496,88794,324.61,12.00,
$,388057504,88899,327.86,12.00,
$,388067508,89003,324.87,12.00,
$,388077512,89107,324.87,12.00,
$,388087536,89212,327.34,12.00,
$,388097540,89316,324.87,12.00,
$,388107548,89421,327.86,12.00,
$,388117556,89525,324.74,12.00,
$,388127592,89629,323.83,12.00,
$,388137600,89734,327.86,12.00,
$,388147604,89838,324.87,12.00,
$,388157616,89943,327.73,12.00,
$,388167640,90047,324.22,12.00,
$,388177648,90152,327.86,12.00,
$,388187656,90256,324.74,12.00,
$,388197660,90361,327.99,12.00,
$,388207696,90465,323.83,12.00,
$,388217700,90570,327.99,12.00,
$,388227712,90674,324.61,12.00,
$,388237716,90779,327.99,12.00,
$,388247720,90883,324.87,12.00,
$,388257728,90988,327.86,12.00,
$,388267736,91092,324.74,12.00,
$,388277744,91197,327.86,12.00,
$,388287748,91301,324.87,12.00,
$,388297752,91406,327.99,12.00,
$,388307768,91510,324.48,12.00,
$,388317780,91615,327.73,12.00,
$,388327788,91719,324.74,12.00,
$,388337796,91824,327.86,12.00,
$,388347828,91928,323.96,12.00,
$,388357836,92033,327.86,12.00,
$,388367840,92137,324.87,12.00,
$,388377864,92242,327.34,12.00,
$,388387868,92347,327.99,12.00,
$,388397876,92451,324.74,12.00,
$,388407896,92556,327.47,12.00,
$,388417904,92661,327.86,12.00,
$,388427912,92766,327.86,12.00,
$,388437948,92870,323.83,12.00,
$,388447988,92975,326.82,12.00,
$,388457992,93080,327.99,12.00,
$,388468000,93185,327.86,12.00,
$,388478004,93289,324.87,12.00,
$,388488016,93394,327.73,12.00,
$,388498020,93499,327.99,12.00,
$,388508024,93603,324.87,12.00,
$,388518036,93708,327.73,12.00,
$,388528068,93813,327.08,12.00,
$,388538072,93918,327.99,12.00,
$,388548076,94022,324.87,12.00,
$,388558084,94127,327.86,12.00,
$,388568088,94231,324.87,12.00,
$,388578100,94337,330.85,12.00,
$,388588108,94441,324.74,12.00,
$,388598116,94546,327.86,12.00,
$,388608148,94650,323.96,12.00,
$,388618168,94755,327.47,12.00,
$,388628172,94859,324.87,12.00,
$,388638188,94964,327.60,12.00,
$,388648196,95069,327.86,12.00,
$,388658224,95173,324.09,12.00,
$,388668260,95278,326.95,12.00,
$,388678268,95383,327.86,12.00,
$,388688276,95487,324.74,12.00,
$,388698280,95592,327.99,12.00,
$,388708284,95697,327.99,12.00,
$,388718308,95802,327.34,12.00,
$,388728324,95906,324.48,12.00,
$,388738332,96011,327.86,12.00,
$,388748336,96115,324.87,12.00,
$,388758344,96220,327.86,12.00,
$,388768368,96325,327.34,12.00,
$,388778372,96430,327.99,12.00,
$,388788396,96534,324.22,12.00,
$,388798420,96639,327.34,12.00,
$,388808428,96744,327.86,12.00,
$,388818436,96848,324.74,12.00,
$,388828440,96953,327.99,12.00,
$,388838448,97057,324.74,12.00,
$,388848472,97161,324.22,12.00,
$,388858480,97266,327.86,12.00,
$,388868520,97370,323.71,12.00,
$,388878544,97475,327.34,12.00,
$,388888548,97580,327.99,12.00,
$,388898564,97684,324.48,12.00,
$,388908584,97789,327.47,12.00,
$,388918592,97894,327.86,12.00,
$,388928600,97998,324.74,12.00,
$,388938604,98103,327.99,12.00,
$,388948608,98207,324.87,12.00,
$,388958624,98312,327.60,12.00,
$,388968632,98417,327.86,12.00,
$,388978652,98521,324.35,12.00,
$,388988672,98626,327.47,12.00,
$,388998696,98731,327.34,12.00,
$,389008704,98835,324.74,12.00,
$,389018708,98940,327.99,12.00,
$,389028712,99045,327.99,12.00,
$,389038740,99149,324.09,12.00,
$,389048748,99254,327.86,12.00,
$,389058760,99358,324.61,12.00,
$,389068768,99463,327.86,12.00,
$,389078776,99567,324.74,12.00,
$,389088780,99672,327.99,12.00,
$,389098800,99777,327.47,12.00,
$,389108804,99881,324.87,12.00,
$,389118808,99986,327.99,12.00,
$,389128828,100090,324.35,12.00,
$,389138836,100195,327.86,12.00,
$,389148848,100299,324.61,12.00,
$,389158856,100404,327.86,12.00,
$,389168864,100508,324.74,12.00,
$,389178880,100613,327.60,12.00,
$,389188900,100718,327.47,12.00,
$,389198904,100823,327.99,12.00,
$,389208908,100927,324.87,12.00,
$,389218916,101032,327.86,12.00,
$,389228920,101137,327.99,12.00,
$,389238924,101242,327.99,12.00,
$,389248928,101346,324.87,12.00,
$,389258932,101451,327.99,12.00,
$,389268952,101556,327.47,12.00,
$,389278972,101661,327.47,12.00,
$,389288996,101766,327.34,12.00,
$,389299016,101871,327.47,12.00,
$,389309020,101976,327.99,12.00,
$,389319028,102081,327.86,12.00,
$,389329052,102185,324.22,12.00,
$,389339056,102290,327.99,12.00,
$,389349060,102395,327.99,12.00,
$,389359068,102499,324.74,12.00,
$,389369072,102604,327.99,12.00,
$,389379088,102709,327.60,12.00,
$,389389108,102813,324.35,12.00,
$,389399116,102918,327.86,12.00,
$,389409128,103022,324.61,12.00,
$,389419136,103127,327.86,12.00,
$,389429140,103232,327.99,12.00,
$,389439172,103336,323.96,12.00,
$,389449204,103441,327.08,12.00,
$,389459212,103546,327.86,12.00,
$,389469220,103650,324.74,12.00,
$,389479224,103755,327.99,12.00,
$,389489236,103859,324.61,12.00,
$,389499240,103964,327.99,12.00,
$,389509260,104068,324.35,12.00,
$,389519272,104173,327.73,12.00,
$,389529284,104277,324.61,12.00,
$,389539292,104382,327.86,12.00,
$,389549312,104486,324.35,12.00,
$,389559320,104590,324.74,12.00,
$,389569328,104695,327.86,12.00,
$,389579332,104799,324.87,12.00,
$,389589356,104903,324.22,12.00,
$,389599360,105008,327.99,12.00,
$,389609364,105112,324.87,12.00,
$,389619396,105217,327.08,12.00,
$,389629400,105321,324.87,12.00,
$,389639404,105425,324.87,12.00,
$,389649432,105529,324.09,12.00,
$,389659440,105633,324.74,12.00,
$,389669448,105738,327.86,12.00,
$,389679464,105842,324.48,12.00,
$,389689480,105946,324.48,12.00,
$,389699484,106051,327.99,12.00,
$,389709488,106155,324.87,12.00,
$,389719496,106260,327.86,12.00,
$,389729504,106365,327.86,12.00,
$,389739532,106469,324.09,12.00,
$,389749536,106573,324.87,12.00,
$,389759540,106678,327.99,12.00,
$,389769552,106782,324.61,12.00,
$,389779556,106887,327.99,12.00,
$,389789564,106991,324.74,12.00,
$,389799604,107096,326.82,12.00,
$,389809612,107201,327.86,12.00,
$,389819648,107306,326.95,12.00,
$,389829656,107411,327.86,12.00,
$,389839664,107516,327.86,12.00,
$,389849680,107621,327.60,12.00,
$,389859688,107725,324.74,12.00,
$,389869712,107830,327.34,12.00,
$,389879716,107935,327.99,12.00,
$,389889724,108040,327.86,12.00,
$,389899728,108145,327.99,12.00,
$,389909748,108249,324.35,12.00,
$,389919752,108354,327.99,12.00,
$,389929756,108459,327.99,12.00,
$,389939764,108563,324.74,12.00,
$,389949796,108668,327.08,12.00,
$,389959812,108773,327.60,12.00,
$,389969820,108878,327.86,12.00,
$,389979824,108983,327.99,12.00,
$,389989832,109087,324.74,12.00,
$,389999856,109192,327.34,12.00,
$,390009872,109297,327.60,0.00,
