$,380019824,49659,0.0,0.00,
$,380029844,49758,0.0,0.00,
$,380039864,49855,0.0,0.00,
$,380049868,49951,0.0,0.00,
$,380059872,50046,0.0,0.00,
$,380069900,50139,0.0,0.00,
$,380079940,50231,0.0,0.00,
$,380089956,50322,0.0,0.00,
$,380099976,50411,0.0,0.00,
$,380109980,50499,0.0,0.00,
$,380119984,50586,0.0,0.00,
$,380130004,50671,0.0,0.00,
$,380140028,50755,0.0,0.00,
$,380150068,50838,0.0,0.00,
$,380160076,50920,0.0,0.00,
$,380170080,51000,0.0,0.00,
$,380180096,51079,0.0,0.00,
$,380190100,51157,0.0,0.00,
$,380200104,51234,0.0,0.00,
$,380210108,51309,0.0,0.00,
$,380220112,51383,0.0,0.00,
$,380230116,51456,0.0,0.00,
$,380240124,51528,0.0,0.00,
$,380250144,51599,0.0,0.00,
$,380260148,51669,0.0,0.00,
$,380270152,51737,0.0,0.00,
$,380280156,51804,0.0,0.00,
$,380290180,51871,0.0,0.00,
$,380300184,51936,0.0,0.00,
$,380310192,52000,0.0,0.00,
$,380320196,52063,0.0,0.00,
$,380330216,52125,0.0,0.00,
$,380340244,52186,0.0,0.00,
$,380350252,52246,0.0,0.00,
$,380360260,52304,0.0,0.00,
$,380370264,52362,0.0,0.00,
$,380380296,52419,0.0,0.00,
$,380390300,52475,0.0,0.00,
$,380400304,52529,0.0,0.00,
$,380410320,52583,0.0,0.00,
$,380420328,52635,0.0,0.00,
$,380430344,52687,0.0,0.00,
$,380440364,52738,0.0,0.00,
$,380450384,52788,0.0,0.00,
$,380460392,52836,0.0,0.00,
$,380470400,52884,0.0,0.00,
$,380480404,52931,0.0,0.00,
$,380490412,52977,0.0,0.00,
$,380500416,53022,0.0,0.00,
$,380510420,53066,0.0,0.00,
$,380520428,53109,0.0,0.00,
$,380530436,53152,0.0,0.00,
$,380540444,53193,0.0,0.00,
$,380550448,53234,0.0,0.00,
$,380560452,53273,0.0,0.00,
$,380570460,53312,0.0,0.00,
$,380580468,53350,0.0,0.00,
$,380590476,53387,0.0,0.00,
$,380600484,53424,0.0,0.00,
$,380610488,53459,0.0,0.00,
$,380620508,53494,0.0,0.00,
$,380630512,53527,0.0,0.00,
$,380640524,53560,0.0,0.00,
$,380650532,53593,0.0,0.00,
$,380660540,53624,0.0,0.00,
$,380670560,53655,0.0,0.00,
$,380680568,53685,0.0,0.00,
$,380690572,53714,0.0,0.00,
$,380700580,53742,0.0,0.00,
$,380710596,53770,0.0,0.00,
$,380720604,53797,0.0,0.00,
$,380730608,53823,0.0,0.00,
$,380740616,53848,0.0,0.00,
$,380750624,53873,0.0,0.00,
$,380760628,53897,0.0,0.00,
$,380770636,53920,0.0,0.00,
$,380780644,53943,0.0,0.00,
$,380790652,53965,0.0,0.00,
$,380800660,53986,0.0,0.00,
$,380810664,54007,0.0,0.00,
$,380820668,54027,0.0,0.00,
$,380830672,54046,0.0,0.00,
$,380840676,54065,0.0,0.00,
$,380850684,54083,0.0,0.00,
$,380860688,54100,0.0,0.00,
$,380870692,54117,0.0,0.00,
$,380880700,54133,0.0,0.00,
$,380890708,54149,0.0,0.00,
$,380900712,54164,0.0,0.00,
$,380910720,54178,0.0,0.00,
$,380920724,54192,0.0,0.00,
$,380930732,54205,0.0,0.00,
$,380940740,54218,0.0,0.00,
$,380950748,54230,0.0,0.00,
$,380960752,54242,0.0,0.00,
$,380970760,54253,0.0,0.00,
$,380980768,54264,0.0,0.00,
$,380990772,54273,0.0,0.00,
$,381000780,54283,0.0,0.00,
$,381010784,54292,0.0,0.00,
$,381020788,54300,0.0,0.00,
$,381030796,54308,0.0,0.00,
$,381040804,54316,0.0,0.00,
$,381050812,54323,0.0,0.00,
$,381060816,54329,0.0,0.00,
$,381070820,54335,0.0,0.00,
$,381080824,54341,0.0,0.00,
$,381090828,54346,0.0,0.00,
$,381100836,54351,0.0,0.00,
$,381110844,54355,0.0,0.00,
$,381120848,54359,0.0,0.00,
$,381130856,54362,0.0,0.00,
$,381140860,54365,0.0,0.00,
$,381150864,54368,0.0,0.00,
$,381160872,54370,0.0,0.00,
$,381170876,54372,0.0,0.00,
$,381180880,54373,0.0,0.00,
$,381190888,54375,0.0,0.00,
$,381200892,54376,0.0,0.00,
$,381210900,54377,0.0,0.00,
$,381220908,54377,0.0,0.00,
$,381230916,54377,0.0,0.00,
$,381240924,54377,0.0,0.00,
$,381250928,54377,0.0,0.00,
$,381260936,54377,0.0,0.00,
$,381270940,54377,0.0,0.00,
$,381280944,54377,0.0,0.00,
$,381290948,54377,0.0,0.00,
$,381300952,54377,0.0,0.00,
$,381310960,54377,0.0,0.00,
$,381320968,54377,0.0,0.00,
$,381330976,54377,0.0,0.00,
$,381340980,54377,0.0,0.00,
$,381350988,54377,0.0,0.00,
$,381360996,54377,0.0,0.00,
$,381371000,54377,0.0,0.00,
$,381381008,54377,0.0,0.00,
$,381391016,54377,0.0,0.00,
$,381401020,54377,0.0,0.00,
$,381411024,54377,0.0,0.00,
$,381421028,54377,0.0,0.00,
$,381431036,54377,0.0,0.00,
$,381441044,54377,0.0,0.00,
$,381451048,54377,0.0,0.00,
$,381461056,54377,0.0,0.00,
$,381471060,54377,0.0,0.00,
$,381481068,54377,0.0,0.00,
$,381491076,54377,0.0,0.00,
$,381501084,54377,0.0,0.00,
$,381511092,54377,0.0,0.00,
$,381521100,54377,0.0,0.00,
$,381531108,54377,0.0,0.00,
$,381541116,54377,0.0,0.00,
$,381551124,54377,0.0,0.00,
$,381561132,54377,0.0,0.00,
$,381571140,54377,0.0,0.00,
$,381581148,54377,0.0,0.00,
$,381591156,54377,0.0,0.00,
$,381601164,54377,0.0,0.00,
$,381611172,54377,0.0,0.00,
$,381621180,54377,0.0,0.00,
$,381631188,54377,0.0,0.00,
$,381641196,54377,0.0,0.00,
$,381651204,54377,0.0,0.00,
$,381661208,54377,0.0,0.00,
$,381671216,54377,0.0,0.00,
$,381681224,54377,0.0,0.00,
$,381691232,54377,0.0,0.00,
$,381701240,54377,0.0,0.00,
$,381711248,54377,0.0,0.00,
$,381721256,54377,0.0,0.00,
$,381731264,54377,0.0,0.00,
$,381741272,54377,0.0,0.00,
$,381751276,54377,0.0,0.00,
$,381761284,54377,0.0,0.00,
$,381771288,54377,0.0,0.00,
$,381781296,54377,0.0,0.00,
$,381791300,54377,0.0,0.00,
$,381801304,54377,0.0,0.00,
$,381811308,54377,0.0,0.00,
$,381821316,54377,0.0,0.00,
$,381831324,54377,0.0,0.00,
$,381841332,54377,0.0,0.00,
$,381851340,54377,0.0,0.00,
$,381861348,54377,0.0,0.00,
$,381871356,54377,0.0,0.00,
$,381881364,54377,0.0,0.00,
$,381891372,54377,0.0,0.00,
$,381901380,54377,0.0,0.00,
$,381911388,54377,0.0,0.00,
$,381921396,54377,0.0,0.00,
$,381931404,54377,0.0,0.00,
$,381941412,54377,0.0,0.00,
$,381951420,54377,0.0,0.00,
$,381961428,54377,0.0,0.00,
$,381971436,54377,0.0,0.00,
$,381981444,54377,0.0,0.00,
$,381991452,54377,0.0,0.00,
$,382001460,54377,0.0,0.00,
$,382011468,54377,0.0,0.00,
$,382021476,54377,0.0,0.00,
$,382031484,54377,0.0,0.00,
$,382041492,54377,0.0,0.00,
$,382051500,54377,0.0,0.00,
$,382061504,54377,0.0,0.00,
$,382071512,54377,0.0,0.00,
$,382081520,54377,0.0,0.00,
$,382091528,54377,0.0,0.00,
$,382101536,54377,0.0,0.00,
$,382111544,54377,0.0,0.00,
$,382121552,54377,0.0,0.00,
$,382131560,54377,0.0,0.00,
$,382141564,54377,0.0,0.00,
$,382151568,54377,0.0,0.00,
$,382161576,54377,0.0,0.00,
$,382171584,54377,0.0,0.00,
$,382181592,54377,0.0,0.00,
$,382191600,54377,0.0,0.00,
$,382201608,54377,0.0,0.00,
$,382211616,54377,0.0,0.00,
$,382221624,54377,0.0,0.00,
$,382231632,54377,0.0,0.00,
$,382241640,54377,0.0,0.00,
$,382251648,54377,0.0,0.00,
$,382261652,54377,0.0,0.00,
$,382271660,54377,0.0,0.00,
$,382281664,54377,0.0,0.00,
$,382291672,54377,0.0,0.00,
$,382301680,54377,0.0,0.00,
$,382311688,54377,0.0,0.00,
$,382321696,54377,0.0,0.00,
$,382331704,54377,0.0,0.00,
$,382341712,54377,0.0,0.00,
$,382351720,54377,0.0,0.00,
$,382361728,54377,0.0,0.00,
$,382371736,54377,0.0,0.00,
$,382381740,54377,0.0,0.00,
$,382391748,54377,0.0,0.00,
$,382401752,54377,0.0,0.00,
$,382411760,54377,0.0,0.00,
$,382421768,54377,0.0,0.00,
$,382431776,54377,0.0,0.00,
$,382441784,54377,0.0,0.00,
$,382451792,54377,0.0,0.00,
$,382461800,54377,0.0,0.00,
$,382471808,54377,0.0,0.00,
$,382481816,54377,0.0,0.00,
$,382491824,54377,0.0,0.00,
$,382501832,54377,0.0,0.00,
$,382511836,54377,0.0,0.00,
$,382521844,54377,0.0,0.00,
$,382531852,54377,0.0,0.00,
$,382541860,54377,0.0,0.00,
$,382551868,54377,0.0,0.00,
$,382561872,54377,0.0,0.00,
$,382571880,54377,0.0,0.00,
$,382581888,54377,0.0,0.00,
$,382591896,54377,0.0,0.00,
$,382601904,54377,0.0,0.00,
$,382611912,54377,0.0,0.00,
$,382621920,54377,0.0,0.00,
$,382631924,54377,0.0,0.00,
$,382641932,54377,0.0,0.00,
$,382651940,54377,0.0,0.00,
$,382661944,54377,0.0,0.00,
$,382671952,54377,0.0,0.00,
$,382681956,54377,0.0,0.00,
$,382691964,54377,0.0,0.00,
$,382701972,54377,0.0,0.00,
$,382711980,54377,0.0,0.00,
$,382721984,54377,0.0,0.00,
$,382731992,54377,0.0,0.00,
$,382742000,54377,0.0,0.00,
$,382752008,54377,0.0,0.00,
$,382762012,54377,0.0,0.00,
$,382772020,54377,0.0,0.00,
$,382782028,54377,0.0,0.00,
$,382792036,54377,0.0,0.00,
$,382802040,54377,0.0,0.00,
$,382812044,54377,0.0,0.00,
$,382822052,54377,0.0,0.00,
$,382832060,54377,0.0,0.00,
$,382842064,54377,0.0,0.00,
$,382852068,54377,0.0,0.00,
$,382862076,54377,0.0,0.00,
$,382872084,54377,0.0,0.00,
$,382882092,54377,0.0,0.00,
$,382892100,54377,0.0,0.00,
$,382902108,54377,0.0,0.00,
$,382912116,54377,0.0,0.00,
$,382922124,54377,0.0,0.00,
$,382932132,54377,0.0,0.00,
$,382942140,54377,0.0,0.00,
$,382952144,54377,0.0,0.00,
$,382962152,54377,0.0,0.00,
$,382972160,54377,0.0,0.00,
$,382982164,54377,0.0,0.00,
$,382992172,54377,0.0,0.00,
$,383002176,54377,0.0,0.00,
$,383012184,54377,0.0,0.00,
$,383022192,54377,0.0,0.00,
$,383032200,54377,0.0,0.00,
$,383042204,54377,0.0,0.00,
$,383052212,54377,0.0,0.00,
$,383062220,54377,0.0,0.00,
$,383072228,54377,0.0,0.00,
$,383082236,54377,0.0,0.00,
$,383092244,54377,0.0,0.00,
$,383102252,54377,0.0,0.00,
$,383112260,54377,0.0,0.00,
$,383122268,54377,0.0,0.00,
$,383132276,54377,0.0,0.00,
$,383142284,54377,0.0,0.00,
$,383152292,54377,0.0,0.00,
$,383162300,54377,0.0,0.00,
$,383172308,54377,0.0,0.00,
$,383182312,54377,0.0,0.00,
$,383192320,54377,0.0,0.00,
$,383202328,54377,0.0,0.00,
$,383212336,54377,0.0,0.00,
$,383222344,54377,0.0,0.00,
$,383232352,54377,0.0,0.00,
$,383242360,54377,0.0,0.00,
$,383252368,54377,0.0,0.00,
$,383262376,54377,0.0,0.00,
$,383272384,54377,0.0,0.00,
$,383282388,54377,0.0,0.00,
$,383292396,54377,0.0,0.00,
$,383302400,54377,0.0,0.00,
$,383312408,54377,0.0,0.00,
$,383322416,54377,0.0,0.00,
$,383332424,54377,0.0,0.00,
$,383342428,54377,0.0,0.00,
$,383352436,54377,0.0,0.00,
$,383362440,54377,0.0,0.00,
$,383372448,54377,0.0,0.00,
$,383382456,54377,0.0,0.00,
$,383392464,54377,0.0,0.00,
$,383402472,54377,0.0,0.00,
$,383412480,54377,0.0,0.00,
$,383422488,54377,0.0,0.00,
$,383432496,54377,0.0,0.00,
$,383442500,54377,0.0,0.00,
$,383452508,54377,0.0,0.00,
$,383462516,54377,0.0,0.00,
$,383472524,54377,0.0,0.00,
$,383482532,54377,0.0,0.00,
$,383492536,54377,0.0,0.00,
$,383502544,54377,0.0,0.00,
$,383512552,54377,0.0,0.00,
$,383522560,54377,0.0,0.00,
$,383532568,54377,0.0,0.00,
$,383542576,54377,0.0,0.00,
$,383552584,54377,0.0,0.00,
$,383562592,54377,0.0,0.00,
$,383572600,54377,0.0,0.00,
$,383582608,54377,0.0,0.00,
$,383592616,54377,0.0,0.00,
$,383602624,54377,0.0,0.00,
$,383612632,54377,0.0,0.00,
$,383622636,54377,0.0,0.00,
$,383632644,54377,0.0,0.00,
$,383642652,54377,0.0,0.00,
$,383652660,54377,0.0,0.00,
$,383662668,54377,0.0,0.00,
$,383672676,54377,0.0,0.00,
$,383682684,54377,0.0,0.00,
$,383692692,54377,0.0,0.00,
$,383702696,54377,0.0,0.00,
$,383712704,54377,0.0,0.00,
$,383722708,54377,0.0,0.00,
$,383732716,54377,0.0,0.00,
$,383742720,54377,0.0,0.00,
$,383752728,54377,0.0,0.00,
$,383762736,54377,0.0,0.00,
$,383772744,54377,0.0,0.00,
$,383782748,54377,0.0,0.00,
$,383792756,54377,0.0,0.00,
$,383802760,54377,0.0,0.00,
$,383812768,54377,0.0,0.00,
$,383822776,54377,0.0,0.00,
$,383832780,54377,0.0,0.00,
$,383842788,54377,0.0,0.00,
$,383852796,54377,0.0,0.00,
$,383862800,54377,0.0,0.00,
$,383872808,54377,0.0,0.00,
$,383882812,54377,0.0,0.00,
$,383892820,54377,0.0,0.00,
$,383902828,54377,0.0,0.00,
$,383912836,54377,0.0,0.00,
$,383922840,54377,0.0,0.00,
$,383932848,54377,0.0,0.00,
$,383942852,54377,0.0,0.00,
$,383952860,54377,0.0,0.00,
$,383962864,54377,0.0,0.00,
$,383972872,54377,0.0,0.00,
$,383982876,54377,0.0,0.00,
$,383992880,54377,0.0,0.00,
$,384002884,54377,0.0,0.00,
$,384012888,54377,0.0,0.00,
$,384022892,54377,0.0,0.00,
$,384032896,54377,0.0,0.00,
$,384042904,54377,0.0,0.00,
$,384052908,54377,0.0,0.00,
$,384062912,54377,0.0,0.00,
$,384072916,54377,0.0,0.00,
$,384082924,54377,0.0,0.00,
$,384092928,54377,0.0,0.00,
$,384102936,54377,0.0,0.00,
$,384112940,54377,0.0,0.00,
$,384122948,54377,0.0,0.00,
$,384132952,54377,0.0,0.00,
$,384142960,54377,0.0,0.00,
$,384152964,54377,0.0,0.00,
$,384162972,54377,0.0,0.00,
$,384172980,54377,0.0,0.00,
$,384182984,54377,0.0,0.00,
$,384192992,54377,0.0,0.00,
$,384202996,54377,0.0,0.00,
$,384213004,54377,0.0,0.00,
$,384223012,54377,0.0,0.00,
$,384233016,54377,0.0,0.00,
$,384243024,54377,0.0,0.00,
$,384253028,54377,0.0,0.00,
$,384263032,54377,0.0,0.00,
$,384273036,54377,0.0,0.00,
$,384283044,54377,0.0,0.00,
$,384293048,54377,0.0,0.00,
$,384303056,54377,0.0,0.00,
$,384313064,54377,0.0,0.00,
$,384323068,54377,0.0,0.00,
$,384333076,54377,0.0,0.00,
$,384343080,54377,0.0,0.00,
$,384353088,54377,0.0,0.00,
$,384363096,54377,0.0,0.00,
$,384373100,54377,0.0,0.00,
$,384383108,54377,0.0,0.00,
$,384393116,54377,0.0,0.00,
$,384403124,54377,0.0,0.00,
$,384413132,54377,0.0,0.00,
$,384423136,54377,0.0,0.00,
$,384433144,54377,0.0,0.00,
$,384443148,54377,0.0,0.00,
$,384453156,54377,0.0,0.00,
$,384463160,54377,0.0,0.00,
$,384473164,54377,0.0,0.00,
$,384483172,54377,0.0,0.00,
$,384493176,54377,0.0,0.00,
$,384503184,54377,0.0,0.00,
$,384513192,54377,0.0,0.00,
$,384523200,54377,0.0,0.00,
$,384533204,54377,0.0,0.00,
$,384543212,54377,0.0,0.00,
$,384553216,54377,0.0,0.00,
$,384563224,54377,0.0,0.00,
$,384573228,54377,0.0,0.00,
$,384583236,54377,0.0,0.00,
$,384593244,54377,0.0,0.00,
$,384603252,54377,0.0,0.00,
$,384613260,54377,0.0,0.00,
$,384623268,54377,0.0,0.00,
$,384633276,54377,0.0,0.00,
$,384643284,54377,0.0,0.00,
$,384653288,54377,0.0,0.00,
$,384663296,54377,0.0,0.00,
$,384673304,54377,0.0,0.00,
$,384683308,54377,0.0,0.00,
$,384693316,54377,0.0,0.00,
$,384703324,54377,0.0,0.00,
$,384713332,54377,0.0,0.00,
$,384723340,54377,0.0,0.00,
$,384733348,54377,0.0,0.00,
$,384743356,54377,0.0,0.00,
$,384753360,54377,0.0,0.00,
$,384763368,54377,0.0,0.00,
$,384773376,54377,0.0,0.00,
$,384783384,54377,0.0,0.00,
$,384793388,54377,0.0,0.00,
$,384803396,54377,0.0,0.00,
$,384813404,54377,0.0,0.00,
$,384823412,54377,0.0,0.00,
$,384833420,54377,0.0,0.00,
$,384843424,54377,0.0,0.00,
$,384853432,54377,0.0,0.00,
$,384863440,54377,0.0,0.00,
$,384873448,54377,0.0,0.00,
$,384883452,54377,0.0,0.00,
$,384893460,54377,0.0,0.00,
$,384903468,54377,0.0,0.00,
$,384913476,54377,0.0,0.00,
$,384923484,54377,0.0,0.00,
$,384933488,54377,0.0,0.00,
$,384943496,54377,0.0,0.00,
$,384953504,54377,0.0,0.00,
$,384963508,54377,0.0,0.00,
$,384973516,54377,0.0,0.00,
$,384983524,54377,0.0,0.00,
$,384993528,54377,0.0,0.00,
$,385003536,54377,0.0,12.00,
$,385013556,54386,28.07,12.00,
$,385023560,54414,87.47,12.00,
$,385033568,54457,134.27,12.00,
$,385043576,54513,174.86,12.00,
$,385053596,54579,205.84,12.00,
$,385063604,54651,224.82,12.00,
$,385073608,54728,240.53,12.00,
$,385083616,54810,256.05,12.00,
$,385093624,54896,268.54,12.00,
$,385103632,54983,271.66,12.00,
$,385113644,55073,280.91,12.00,
$,385123648,55165,287.39,12.00,
$,385133656,55258,290.39,12.00,
$,385143672,55352,293.28,12.00,
$,385153676,55447,296.76,12.00,
$,385163680,55544,303.00,12.00,
$,385173708,55640,299.16,12.00,
$,385183712,55738,306.13,12.00,
$,385193724,55835,302.76,12.00,
$,385203728,55933,306.13,12.00,
$,385213736,56031,306.01,12.00,
$,385223740,56129,306.13,12.00,
$,385233752,56227,305.88,12.00,
$,385243772,56325,305.64,12.00,
$,385253780,56423,306.01,12.00,
$,385263788,56522,309.13,12.00,
$,385273792,56620,306.13,12.00,
$,385283812,56719,308.76,12.00,
$,385293820,56818,309.13,12.00,
$,385303848,56916,305.39,12.00,
$,385313860,57015,309.00,12.00,
$,385323888,57114,308.51,12.00,
$,385333904,57213,308.88,12.00,
$,385343912,57312,309.13,12.00,
$,385353916,57411,309.25,12.00,
$,385363924,57511,312.25,12.00,
$,385373948,57609,305.52,12.00,
$,385383952,57709,312.38,12.00,
$,385393988,57808,308.27,12.00,
$,385403992,57908,312.38,12.00,
$,385414016,58007,308.63,12.00,
$,385424052,58106,308.27,12.00,
$,385434060,58205,309.13,12.00,
$,385444064,58304,309.25,12.00,
$,385454108,58404,311.13,12.00,
$,385464128,58503,308.76,12.00,
$,385474136,58603,312.25,12.00,
$,385484156,58702,308.76,12.00,
$,385494164,58802,312.25,12.00,
$,385504196,58901,308.39,12.00,
$,385514200,59001,312.38,12.00,
$,385524204,59100,309.25,12.00,
$,385534212,59200,312.25,12.00,
$,385544232,59300,311.88,12.00,
$,385554268,59399,308.27,12.00,
$,385564304,59499,311.38,12.00,
$,385574308,59599,312.38,12.00,
$,385584316,59699,312.25,12.00,
$,385594320,59798,309.25,12.00,
$,385604328,59898,312.25,12.00,
$,385614336,59997,309.13,12.00,
$,385624368,60097,311.50,12.00,
$,385634384,60197,312.00,12.00,
$,385644392,60297,312.25,12.00,
$,385654396,60397,312.38,12.00,
$,385664404,60496,309.13,12.00,
$,385674420,60596,312.00,12.00,
$,385684444,60696,311.75,12.00,
$,385694468,60796,311.75,12.00,
$,385704504,60896,311.38,12.00,
$,385714508,60996,312.38,12.00,
$,385724524,61096,312.00,12.00,
$,385734544,61196,311.88,12.00,
$,385744552,61296,312.25,12.00,
$,385754560,61396,312.25,12.00,
$,385764568,61497,315.37,12.00,
$,385774576,61597,312.25,12.00,
$,385784580,61697,312.38,12.00,
$,385794600,61797,311.88,12.00,
$,385804604,61897,312.38,12.00,
$,385814612,61997,312.25,12.00,
$,385824620,62097,312.25,12.00,
$,385834628,62198,315.37,12.00,
$,385844636,62298,312.25,12.00,
$,385854668,62398,311.50,12.00,
$,385864676,62499,315.37,12.00,
$,385874696,62599,311.88,12.00,
$,385884704,62700,315.37,12.00,
$,385894724,62800,311.88,12.00,
$,385904748,62901,314.87,12.00,
$,385914756,63002,315.37,12.00,
$,385924764,63103,315.37,12.00,
$,385934796,63203,311.50,12.00,
$,385944800,63304,315.50,12.00,
$,385954804,63405,315.50,12.00,
$,385964844,63505,311.25,12.00,
$,385974872,63606,314.74,12.00,
$,385984876,63707,315.50,12.00,
$,385994880,63807,312.38,12.00,
$,386004896,63908,315.12,12.00,
$,386014900,64009,315.50,12.00,
$,386024908,64110,315.37,12.00,
$,386034916,64210,312.25,12.00,
$,386044924,64311,315.37,12.00,
$,386054948,64411,311.75,12.00,
$,386064956,64512,315.37,12.00,
$,386074980,64613,314.87,12.00,
$,386085016,64713,311.38,12.00,
$,386095024,64814,315.37,12.00,
$,386105040,64914,312.00,12.00,
$,386115072,65015,314.62,12.00,
$,386125080,65116,315.37,12.00,
$,386135100,65216,311.88,12.00,
$,386145108,65316,312.25,12.00,
$,386155112,65417,315.50,12.00,
$,386165132,65517,311.88,12.00,
$,386175148,65617,312.00,12.00,
$,386185156,65718,315.37,12.00,
$,386195180,65818,311.75,12.00,
$,386205184,65919,315.50,12.00,
$,386215204,66019,311.88,12.00,
$,386225212,66119,312.25,12.00,
$,386235216,66220,315.50,12.00,
$,386245228,66320,312.13,12.00,
$,386255232,66421,315.50,12.00,
$,386265268,66521,311.38,12.00,
$,386275276,66622,315.37,12.00,
$,386285308,66723,314.62,12.00,
$,386295316,66824,315.37,12.00,
$,386305324,66925,315.37,12.00,
$,386315328,67025,312.38,12.00,
$,386325332,67125,312.38,12.00,
$,386335344,67226,315.25,12.00,
$,386345348,67326,312.38,12.00,
$,386355376,67426,311.63,12.00,
$,386365384,67527,315.37,12.00,
$,386375388,67627,312.38,12.00,
$,386385392,67727,312.38,12.00,
$,386395400,67827,312.25,12.00,
$,386405408,67927,312.25,12.00,
$,386415412,68027,312.38,12.00,
$,386425428,68128,315.12,12.00,
$,386435440,68228,312.13,12.00,
$,386445452,68328,312.13,12.00,
$,386455460,68428,312.25,12.00,
$,386465468,68529,315.37,12.00,
$,386475472,68628,309.25,12.00,
$,386485480,68729,315.37,12.00,
$,386495520,68830,314.37,12.00,
$,386505524,68930,312.38,12.00,
$,386515528,69030,312.38,12.00,
$,386525540,69130,312.13,12.00,
$,386535544,69231,315.50,12.00,
$,386545580,69331,311.38,12.00,
$,386555604,69432,314.87,12.00,
$,386565624,69533,315.00,12.00,
$,386575640,69634,315.12,12.00,
$,386585648,69735,315.37,12.00,
$,386595652,69837,318.62,12.00,
$,386605660,69938,315.37,12.00,
$,386615684,70039,314.87,12.00,
$,386625688,70141,318.62,12.00,
$,386635696,70242,315.37,12.00,
$,386645716,70343,315.00,12.00,
$,386655732,70444,315.12,12.00,
$,386665748,70545,315.12,12.00,
$,386675752,70647,318.62,12.00,
$,386685756,70748,315.50,12.00,
$,386695760,70849,315.50,12.00,
$,386705768,70950,315.37,12.00,
$,386715776,71051,315.37,12.00,
$,386725800,71152,314.87,12.00,
$,386735804,71253,315.50,12.00,
$,386745812,71354,315.37,12.00,
$,386755832,71455,315.00,12.00,
$,386765868,71556,314.49,12.00,
$,386775900,71657,314.62,12.00,
$,386785904,71758,315.50,12.00,
$,386795908,71859,315.50,12.00,
$,386805912,71960,315.50,12.00,
$,386815920,72061,315.37,12.00,
$,386825952,72162,314.62,12.00,
$,386835972,72263,315.00,12.00,
$,386845980,72365,318.50,12.00,
$,386855984,72466,315.50,12.00,
$,386866016,72567,314.62,12.00,
$,386876024,72668,315.37,12.00,
$,386886028,72770,318.62,12.00,
$,386896064,72871,314.49,12.00,
$,386906080,72972,315.12,12.00,
$,386916116,73074,317.61,12.00,
$,386926124,73176,318.50,12.00,
$,386936132,73277,315.37,12.00,
$,386946140,73378,315.37,12.00,
$,386956156,73479,315.12,12.00,
$,386966160,73580,315.50,12.00,
$,386976164,73681,315.50,12.00,
$,386986168,73783,318.62,12.00,
$,386996176,73883,312.25,12.00,
$,387006180,73984,315.50,12.00,
$,387016188,74086,318.50,12.00,
$,387026192,74187,315.50,12.00,
$,387036200,74288,315.37,12.00,
$,387046208,74389,315.37,12.00,
$,387056216,74490,315.37,12.00,
$,387066228,74590,312.13,12.00,
$,387076236,74691,315.37,12.00,
$,387086244,74792,315.37,12.00,
$,387096264,74893,315.00,12.00,
$,387106272,74995,318.50,12.00,
$,387116276,75095,312.38,12.00,
$,387126288,75196,315.25,12.00,
$,387136296,75297,315.37,12.00,
$,387146316,75399,318.11,12.00,
$,387156320,75500,315.50,12.00,
$,387166356,75601,314.49,12.00,
$,387176372,75703,318.24,12.00,
$,387186384,75804,315.25,12.00,
$,387196408,75905,314.87,12.00,
$,387206444,76006,314.49,12.00,
$,387216468,76107,314.87,12.00,
$,387226472,76209,318.62,12.00,
$,387236476,76310,315.50,12.00,
$,387246508,76411,314.62,12.00,
$,387256512,76512,315.50,12.00,
$,387266520,76613,315.37,12.00,
$,387276524,76715,318.62,12.00,
$,387286532,76816,315.37,12.00,
$,387296544,76917,315.25,12.00,
$,387306552,77018,315.37,12.00,
$,387316572,77120,318.11,12.00,
$,387326580,77221,315.37,12.00,
$,387336592,77322,315.25,12.00,
$,387346608,77423,315.12,12.00,
$,387356616,77524,315.37,12.00,
$,387366652,77625,314.49,12.00,
$,387376676,77726,314.87,12.00,
$,387386680,77827,315.50,12.00,
$,387396704,77928,314.87,12.00,
$,387406712,78029,315.37,12.00,
$,387416720,78131,318.50,12.00,
$,387426728,78232,315.37,12.00,
$,387436748,78333,315.00,12.00,
$,387446756,78434,315.37,12.00,
$,387456760,78535,315.50,12.00,
$,387466768,78636,315.37,12.00,
$,387476772,78736,312.38,12.00,
$,387486788,78837,315.12,12.00,
$,387496796,78938,315.37,12.00,
$,387506800,79039,315.50,12.00,
$,387516824,79140,314.87,12.00,
$,387526840,79240,312.00,12.00,
$,387536844,79341,315.50,12.00,
$,387546848,79442,315.50,12.00,
$,387556864,79542,312.00,12.00,
$,387566884,79643,315.00,12.00,
$,387576920,79744,314.49,12.00,
$,387586940,79845,315.00,12.00,
$,387596948,79946,315.37,12.00,
$,387606968,80047,315.00,12.00,
$,387616992,80148,314.87,12.00,
$,387627020,80249,314.74,12.00,
$,387637024,80350,315.50,12.00,
$,387647032,80451,315.37,12.00,
$,387657036,80552,315.50,12.00,
$,387667040,80653,315.50,12.00,
$,387677080,80755,317.48,12.00,
$,387687084,80856,315.50,12.00,
$,387697088,80958,318.62,12.00,
$,387707092,81059,315.50,12.00,
$,387717104,81160,315.25,12.00,
$,387727116,81261,315.25,12.00,
$,387737132,81362,315.12,12.00,
$,387747152,81464,318.11,12.00,
$,387757164,81565,315.25,12.00,
$,387767172,81667,318.50,12.00,
$,387777192,81768,315.00,12.00,
$,387787196,81870,318.62,12.00,
$,387797212,81971,315.12,12.00,
$,387807220,82073,318.50,12.00,
$,387817228,82174,315.37,12.00,
$,387827232,82275,315.50,12.00,
$,387837236,82377,318.62,12.00,
$,387847264,82478,314.74,12.00,
$,387857272,82580,318.50,12.00,
$,387867276,82681,315.50,12.00,
$,387877288,82782,315.25,12.00,
$,387887296,82884,318.50,12.00,
$,387897312,82985,315.12,12.00,
$,387907328,83087,318.24,12.00,
$,387917332,83188,315.50,12.00,
$,387927352,83290,318.11,12.00,
$,387937360,83391,315.37,12.00,
$,387947380,83493,318.11,12.00,
$,387957404,83594,314.87,12.00,
$,387967412,83696,318.50,12.00,
$,387977432,83797,315.00,12.00,
$,387987436,83899,318.62,12.00,
$,387997440,84000,315.50,12.00,
$,388007444,84101,315.50,12.00,
$,388017464,84202,315.00,12.00,
$,388027476,84303,315.25,12.00,
$,388037484,84405,318.50,12.00,
$,388047496,84506,315.25,12.00,
$,388057504,84607,315.37,12.00,
$,388067508,84708,315.50,12.00,
$,388077512,84809,315.50,12.00,
$,388087536,84911,317.99,12.00,
$,388097540,85012,315.50,12.00,
$,388107548,85114,318.50,12.00,
$,388117556,85215,315.37,12.00,
$,388127592,85316,314.49,12.00,
$,388137600,85418,318.50,12.00,
$,388147604,85519,315.50,12.00,
$,388157616,85620,315.25,12.00,
$,388167640,85721,314.87,12.00,
$,388177648,85823,318.50,12.00,
$,388187656,85924,315.37,12.00,
$,388197660,86025,315.50,12.00,
$,388207696,86126,314.49,12.00,
$,388217700,86227,315.50,12.00,
$,388227712,86329,318.37,12.00,
$,388237716,86430,315.50,12.00,
$,388247720,86530,312.38,12.00,
$,388257728,86632,318.50,12.00,
$,388267736,86732,312.25,12.00,
$,388277744,86834,318.50,12.00,
$,388287748,86935,315.50,12.00,
$,388297752,87036,315.50,12.00,
$,388307768,87138,318.24,12.00,
$,388317780,87239,315.25,12.00,
$,388327788,87341,318.50,12.00,
$,388337796,87442,315.37,12.00,
$,388347828,87544,317.73,12.00,
$,388357836,87646,318.50,12.00,
$,388367840,87747,315.50,12.00,
$,388377864,87849,317.99,12.00,
$,388387868,87951,318.62,12.00,
$,388397876,88052,315.37,12.00,
$,388407896,88154,318.11,12.00,
$,388417904,88255,315.37,12.00,
$,388427912,88357,318.50,12.00,
$,388437948,88458,314.49,12.00,
$,388447988,88560,317.48,12.00,
$,388457992,88662,318.62,12.00,
$,388468000,88763,315.37,12.00,
$,388478004,88865,318.62,12.00,
$,388488016,88967,318.37,12.00,
$,388498020,89069,318.62,12.00,
$,388508024,89170,315.50,12.00,
$,388518036,89272,318.37,12.00,
$,388528068,89373,314.62,12.00,
$,388538072,89475,318.62,12.00,
$,388548076,89576,315.50,12.00,
$,388558084,89678,318.50,12.00,
$,388568088,89779,315.50,12.00,
$,388578100,89881,318.37,12.00,
$,388588108,89982,315.37,12.00,
$,388598116,90084,318.50,12.00,
$,388608148,90185,314.62,12.00,
$,388618168,90287,318.11,12.00,
$,388628172,90388,315.50,12.00,
$,388638188,90490,318.24,12.00,
$,388648196,90592,318.50,12.00,
$,388658224,90693,314.74,12.00,
$,388668260,90795,317.61,12.00,
$,388678268,90897,318.50,12.00,
$,388688276,90998,315.37,12.00,
$,388698280,91100,318.62,12.00,
$,388708284,91202,318.62,12.00,
$,388718308,91303,314.87,12.00,
$,388728324,91404,315.12,12.00,
$,388738332,91507,321.62,12.00,
$,388748336,91608,315.50,12.00,
$,388758344,91710,318.50,12.00,
$,388768368,91811,314.87,12.00,
$,388778372,91913,318.62,12.00,
$,388788396,92015,317.99,12.00,
$,388798420,92116,314.87,12.00,
$,388808428,92218,318.50,12.00,
$,388818436,92320,318.50,12.00,
$,388828440,92421,315.50,12.00,
$,388838448,92523,318.50,12.00,
$,388848472,92624,314.87,12.00,
$,388858480,92726,318.50,12.00,
$,388868520,92827,314.37,12.00,
$,388878544,92929,317.99,12.00,
$,388888548,93030,315.50,12.00,
$,388898564,93131,315.12,12.00,
$,388908584,93233,318.11,12.00,
$,388918592,93334,315.37,12.00,
$,388928600,93435,315.37,12.00,
$,388938604,93536,315.50,12.00,
$,388948608,93637,315.50,12.00,
$,388958624,93739,318.24,12.00,
$,388968632,93840,315.37,12.00,
$,388978652,93941,315.00,12.00,
$,388988672,94043,318.11,12.00,
$,388998696,94144,314.87,12.00,
$,389008704,94245,315.37,12.00,
$,389018708,94346,315.50,12.00,
$,389028712,94448,318.62,12.00,
$,389038740,94548,311.63,12.00,
$,389048748,94650,318.50,12.00,
$,389058760,94750,312.13,12.00,
$,389068768,94852,318.50,12.00,
$,389078776,94952,312.25,12.00,
$,389088780,95053,315.50,12.00,
$,389098800,95154,315.00,12.00,
$,389108804,95255,315.50,12.00,
$,389118808,95356,315.50,12.00,
$,389128828,95457,315.00,12.00,
$,389138836,95558,315.37,12.00,
$,389148848,95658,312.13,12.00,
$,389158856,95760,318.50,12.00,
$,389168864,95860,312.25,12.00,
$,389178880,95961,315.12,12.00,
$,389188900,96063,318.11,12.00,
$,389198904,96164,315.50,12.00,
$,389208908,96264,312.38,12.00,
$,389218916,96366,318.50,12.00,
$,389228920,96467,315.50,12.00,
$,389238924,96568,315.50,12.00,
$,389248928,96668,312.38,12.00,
$,389258932,96769,315.50,12.00,
$,389268952,96870,315.00,12.00,
$,389278972,96971,315.00,12.00,
$,389288996,97073,317.99,12.00,
$,389299016,97174,315.00,12.00,
$,389309020,97275,315.50,12.00,
$,389319028,97375,312.25,12.00,
$,389329052,97476,314.87,12.00,
$,389339056,97577,315.50,12.00,
$,389349060,97678,315.50,12.00,
$,389359068,97778,312.25,12.00,
$,389369072,97879,315.50,12.00,
$,389379088,97980,315.12,12.00,
$,389389108,98080,311.88,12.00,
$,389399116,98181,315.37,12.00,
$,389409128,98281,312.13,12.00,
$,389419136,98382,315.37,12.00,
$,389429140,98483,315.50,12.00,
$,389439172,98583,311.50,12.00,
$,389449204,98684,314.62,12.00,
$,389459212,98785,315.37,12.00,
$,389469220,98885,312.25,12.00,
$,389479224,98985,312.38,12.00,
$,389489236,99085,312.13,12.00,
$,389499240,99186,315.50,12.00,
$,389509260,99286,311.88,12.00,
$,389519272,99386,312.13,12.00,
$,389529284,99486,312.13,12.00,
$,389539292,99587,315.37,12.00,
$,389549312,99687,311.88,12.00,
$,389559320,99787,312.25,12.00,
$,389569328,99888,315.37,12.00,
$,389579332,99988,312.38,12.00,
$,389589356,100089,314.87,12.00,
$,389599360,100190,315.50,12.00,
$,389609364,100290,312.38,12.00,
$,389619396,100391,314.62,12.00,
$,389629400,100492,315.50,12.00,
$,389639404,100593,315.50,12.00,
$,389649432,100694,314.74,12.00,
$,389659440,100795,315.37,12.00,
$,389669448,100896,315.37,12.00,
$,389679464,100997,315.12,12.00,
$,389689480,101098,315.12,12.00,
$,389699484,101199,315.50,12.00,
$,389709488,101300,315.50,12.00,
$,389719496,101402,318.50,12.00,
$,389729504,101503,315.37,12.00,
$,389739532,101604,314.74,12.00,
$,389749536,101705,315.50,12.00,
$,389759540,101807,318.62,12.00,
$,389769552,101907,312.13,12.00,
$,389779556,102009,318.62,12.00,
$,389789564,102110,315.37,12.00,
$,389799604,102211,314.37,12.00,
$,389809612,102312,315.37,12.00,
$,389819648,102413,314.49,12.00,
$,389829656,102515,318.50,12.00,
$,389839664,102616,315.37,12.00,
$,389849680,102717,315.12,12.00,
$,389859688,102818,315.37,12.00,
$,389869712,102920,317.99,12.00,
$,389879716,103022,318.62,12.00,
$,389889724,103123,315.37,12.00,
$,389899728,103225,318.62,12.00,
$,389909748,103326,315.00,12.00,
$,389919752,103428,318.62,12.00,
$,389929756,103529,315.50,12.00,
$,389939764,103630,315.37,12.00,
$,389949796,103732,317.73,12.00,
$,389959812,103834,318.24,12.00,
$,389969820,103936,318.50,12.00,
$,389979824,104037,315.50,12.00,
$,389989832,104139,318.50,12.00,
$,389999856,104240,314.87,12.00,
$,390009872,104342,318.24,0.00,
